tests/data/peaks49_corner.asc
NCOLS 49
NROWS 49
XLLCORNER 0.0
YLLCORNER 0.0
CELLSIZE 30.0
NODATA_VALUE -9999
[rows 19 to 37 of 49, columns 0 to 41 of 49]
-0.021108912535495968 -0.037161351961032284 -0.06302037778993318 -0.10278914123247276 -0.16094490139014764 -0.24136522996293658 -0.3456764873017632 -0.4709445999793782 -0.6070102886262262 -0.73414674176238 -0.8220811203575492 -0.8315927337671762 -0.7196720818240252 -0.4484515490620281 0.0031649886136640715 0.6277411781330251 1.38113999672323 2.181847126533527 2.9204170447109736 3.4789840620699075 3.7573323467351245 3.6990013951960905 3.309623066869295 2.6609925353274964 1.8781836210250242 1.1121941808591047 0.5053275679092768 0.15899644924600298 0.11289284990164056 0.3407640349364228 0.7627676647294628 1.2694877852710034 1.7498381490885901 2.115012071121684 2.3130037704214788 2.3318511427470394 2.1932190257135677 1.9401732885454792 1.6235700471508954 1.2906425490474802 0.9777585763677494 0.7076568875303972
-0.025544896372863526 -0.04520692527270696 -0.07712515094061122 -0.12667235384388315 -0.1999752785517038 -0.3028752847412836 -0.439077032282611 -0.6074677983897487 -0.7989066335909225 -0.9932187418348245 -1.1575711649720917 -1.2476484396585112 -1.2128484321276318 -1.0058988442604526 -0.595870012544395 0.018154938295961986 0.7968861773981492 1.6585812131184134 2.4879475013711003 3.156487253623923 3.5507315704010414 3.6013369510013398 3.3043954790649392 2.727544170345519 1.9975255055510037 1.2715429530049782 0.7000634465332383 0.39163167949593314 0.3896281623444692 0.666949720392414 1.1388279197436797 1.688567533361081 2.197750881226378 2.5722866475001958 2.758226249147553 2.7452453692674315 2.5595247481851846 2.250250986508519 1.8746141999843566 1.4852612325252545 1.122384868497025 0.8107839107679644
-0.029610254249692707 -0.05260540061271804 -0.09014425914388492 -0.14880961224469594 -0.2363229348523986 -0.3604643362883698 -0.5270614318997503 -0.736991944108596 -0.9824899201450853 -1.24353377192002 -1.4856040226512763 -1.6604075475458795 -1.7109999386410102 -1.5818861387162135 -1.2331393625391076 -0.6556765679689167 0.11677534735732265 1.0039787908563682 1.8874484737800534 2.631298787793388 3.112119345647787 3.2504593197066547 3.034579128276419 2.528285094196176 1.8589324668311205 1.1878009361411181 0.6708494162804665 0.4211390199994163 0.48367892424974374 0.8292913114259476 1.367910796446507 1.9758428561948218 2.5279470487927678 2.9254604457093216 3.11287595715431 3.081565507741008 2.861989961873498 2.5090429086895383 2.0858003214423344 1.649961868815799 1.2453437541514494 0.898779120288271
-0.032967497657741374 -0.05873950456854124 -0.10098505788410618 -0.16733000008867718 -0.2668903408612452 -0.4091756458241774 -0.6019656668809631 -0.8480700723086622 -1.1412468922550794 -1.4620840505132855 -1.7752139206694133 -2.0295965620700946 -2.163476088282235 -2.114747844809788 -1.835852362543657 -1.3102679268845603 -0.5659019721002491 0.3199408960128899 1.2281097384860877 2.0185848474217254 2.5613738756186497 2.7696584340367245 2.6253576464589226 2.1883483196282825 1.584977600975573 0.977925086680952 0.5256399914799741 0.3431462662535565 0.47556523646642956 0.8914118401550384 1.4962415394866788 2.1609985582193567 2.7556157941140444 3.178099447612409 3.3721406118411164 3.330791791115678 3.0881318823488417 2.7037111820990565 2.245344350420741 1.7747818570875094 1.3387533706327217 0.9657533200297388
-0.035330914104970176 -0.06308645861982162 -0.1087218174206386 -0.18064782783095 -0.28905129430283116 -0.4448053934406711 -0.6572881312771524 -0.9309894148644138 -1.2611644054032374 -1.6293453242250318 -2.000128149294097 -2.321059610300117 -2.5273510616788117 -2.5522817378993965 -2.342490594564592 -1.8752246660692307 -1.172726060935768 -0.308213241525948 0.6009104894150176 1.4137625050041074 1.9971968263663007 2.2597837397733165 2.1784685737239355 1.808807110384735 1.274103786905926 0.7353489206501486 0.3502279098572738 0.23322571061014535 0.4284912749256004 0.9027895555092142 1.5592433931725231 2.266159065961184 2.8912869048939904 3.3315003202164744 3.5307341062221655 3.483633086236588 3.2268749206543035 2.8230903919624066 2.343111494286162 1.8512130396103486 1.3959144609198837 1.0067177893358625
-0.03650620461319553 -0.065290479058005 -0.11272408954450601 -0.187682553366249 -0.3010153541684321 -0.46448663909996957 -0.6885942601009043 -0.9791260676725391 -1.3326904669589708 -1.732021734436858 -2.142483473003583 -2.511629293758246 -2.773610019456342 -2.8593741194611466 -2.711947378002816 -2.3039218080905823 -1.6523454638655195 -0.8254083825300232 0.0635698771090224 0.8761597875023447 1.4796069220146304 1.7807426221195544 1.7529522848030594 1.4470182636814148 0.9810118431238463 0.5109563507747429 0.1903906922478129 0.13078083840588367 0.37444571855903896 0.8873865562204972 1.5728089823667082 2.2997100944229945 2.936930316408627 3.382668397864373 3.582292479768699 3.53188323942976 3.269463326439044 2.8588369302114502 2.371777714829351 1.8732396470930255 1.4121612599396918 1.0182357417066266
-0.036414754595663554 -0.06520639029908255 -0.11273235091881009 -0.18798527298030784 -0.30203151888423074 -0.4670046762527626 -0.6939851967298574 -0.9896121098293251 -1.3516411979676213 -1.7642189649875968 -2.194261928709797 -2.590775288151379 -2.8888997602809097 -3.0196727684179656 -2.924877273094296 -2.574235753002741 -1.9802810117734784 -1.2054065514493633 -0.35662666003577936 0.43335682234227557 1.035755027015033 1.3586138895105142 1.3732798175078111 1.1254167463923979 0.7257639665238055 0.3221736428845478 0.060721226687131785 0.04744779022751613 0.32208038413183476 0.8509635315034525 1.5400372076213995 2.2624497374945456 2.8915079595809297 3.3292504987745133 3.523668545414583 3.472069137200326 3.212473772609269 2.807840811623448 2.3286978052582166 1.8387362273270376 1.3858712667814512 0.9991260081480033
-0.035098770299960697 -0.06290788359648851 -0.10887032309489408 -0.18175529032306217 -0.2924069917822688 -0.45281093447829157 -0.6740901442875502 -0.9632730561542082 -1.3190236282320296 -1.727053962367234 -2.1565367496279384 -2.559270629722134 -2.873325799467232 -3.0321512779008675 -2.978602457532629 -2.681333493642862 -2.149148158907353 -1.4380782466052047 -0.6468900846425025 0.10040557403194117 0.6822761093884437 1.0107428208022835 1.0565794454244202 0.8600873703074386 0.5228111996191731 0.18154538287278887 -0.028088949610139247 -0.007618691857551985 0.2794782559989525 0.8010139549195257 1.4682172081827596 2.161679788474218 2.7623656135003136 3.178512634648306 3.3618310365018274 3.3106212965059987 3.0615943953082634 2.6749186409951937 2.217775809773423 1.750733273821862 1.3192991143857318 0.9509976737418511
-0.03270816734992167 -0.05866273430056959 -0.10159946341575765 -0.1697589268818996 -0.2733664483061164 -0.42378591760363166 -0.6316782049603957 -0.9040098578421648 -1.240078590477886 -1.6272124402709343 -2.0373557231301174 -2.426166526141312 -2.736239206351146 -2.9053894699373672 -2.879542130793273 -2.627901129103506 -2.156358508518091 -1.5143109706730422 -0.7908782281928012 -0.09913925235249454 0.4491485319966831 0.7720784697956198 0.8409032411738436 0.6902370683191004 0.41082186210227034 0.12601323051209018 -0.04140092660598091 -0.002099845256933519 0.27699793574147225 0.7664302495667146 1.3851741324193183 2.024308975201856 2.575351507388454 2.9548566328443697 3.1192267835447423 3.0675393089412566 2.8340187317541083 2.47430134701739 2.050339464926012 1.6178986583558155 1.2188206832442894 0.8783602511316796
-0.029473835601876854 -0.0528840437115888 -0.0916329114903753 -0.15318261605064262 -0.24680955683687741 -0.38285237730623783 -0.5710621151086408 -0.8179110095381456 -1.1230035412626296 -1.4751740457074012 -1.8493576561432616 -2.205696954149688 -2.492345347093754 -2.652830957024172 -2.6375972081170285 -2.41766631800926 -1.996815392905849 -1.4179266807843562 -0.7598865799100041 -0.12373381682749751 0.3898050203724787 0.7058379033109385 0.7963323381746428 0.6895665942734186 0.4640713194420103 0.22800752947267583 0.08980696739138816 0.1289089900533192 0.37537557884831413 0.8040757990330903 1.3442276181345223 1.9002481199273604 2.376816379263997 2.7006774133185982 2.8337885754083585 2.7758423331550515 2.557595870760879 2.228685394907155 1.8442313189353894 1.4537491932260782 1.094298675371835 0.788144024930364
-0.02567376039099644 -0.046069557852708186 -0.07983063782142047 -0.1334583434777999 -0.21503137811987696 -0.3335451726710008 -0.4974640321484403 -0.7123587979199428 -0.977753242967684 -1.2836880614372645 -1.6079523468120915 -1.9152647074038143 -2.159690870142008 -2.2910692140148043 -2.265129945177915 -2.0555333103947997 -1.6646824616799367 -1.1295110393060097 -0.5190425993510033 0.07747413855680815 0.5700610303073281 0.890353035461265 1.0102245456375623 0.950503817458614 0.7762651417210059 0.5794069239288739 0.4534702157761703 0.4683017638543161 0.6521756804578046 0.9863620500213244 1.412915904741566 1.8522770742630006 2.2246147627125152 2.468491643047457 2.552179941635728 2.4759035312444415 2.2662030203315284 1.9655626148694672 1.6209882216148679 1.2745537679674326 0.957576235415994 0.6886550742848894
-0.02159835840370967 -0.03874035881203962 -0.06709511954387616 -0.11209321550484658 -0.18045577660448345 -0.279613449112386 -0.41645207675887197 -0.5952776957186088 -0.8151075537288555 -1.0667235822128052 -1.330302446913124 -1.574722348472414 -1.759654503363153 -1.841111477597733 -1.7802001739917082 -1.5535779495012807 -1.162929653098879 -0.6402023233503604 -0.045815266899972645 0.5412513771157116 1.0400493019574746 1.3869315358494159 1.551933463548701 1.5469444144920714 1.422562756424567 1.2540666427018028 1.1205369302688832 1.083464936940676 1.1712705203690865 1.3740249944308403 1.6491780920613994 1.9355803883244609 2.1708300989645184 2.306616662479951 2.318148770517093 2.2061742856182627 1.9925241237205835 1.7117356981906395 1.4017854865339148 1.096417819124223 0.8204426001431817 0.5881990234695561
-0.01751991324624135 -0.031387135202775654 -0.05428059825384268 -0.09052261654860493 -0.14540853257400319 -0.2246875673610873 -0.3334792246962729 -0.4745395937577385 -0.6459723038901732 -0.8387558459164772 -1.0347761432050804 -1.2062941905320292 -1.3177872409129847 -1.3307393729530552 -1.2111833468890656 -0.9387438338897944 -0.5149280856791104 0.032103070581436494 0.6486826705717544 1.2637229277867374 1.8026474036556424 2.2039126445675437 2.433494470754019 2.492824221539611 2.4174091058596683 2.2662537657772015 2.105195679539333 1.989243085159177 1.9492035170741235 1.986263420925288 2.0753963934810344 2.1756265914677666 2.2432831632792865 2.2440081106814485 2.1603404906136796 1.993593708074925 1.7606712617132076 1.4877773502605545 1.2033824494930543 0.9323968667985194 0.692636536433869 0.4937408387868525
-0.013669068681164551 -0.024428648138549194 -0.04212248538411279 -0.06999503560001327 -0.11193748021166482 -0.1720112439316709 -0.25350491432058536 -0.3574608596656266 -0.4807587720651439 -0.6140734188261836 -0.7402866572478346 -0.8341335252848051 -0.8638703964073589 -0.7954543149925523 -0.5990813577286127 -0.2570542904800279 0.22889945007177018 0.833195128690536 1.5069161614200135 2.1842682634771635 2.7942037493192013 3.2746399543897122 3.5854867772055594 3.7166676708663915 3.688629567301755 3.5451178718246035 3.3404418392589283 3.1251608654387106 2.93444760730479 2.7822442511162286 2.6622162516061785 2.5542634466459946 2.4337891159260003 2.2805185715851404 2.084369833382695 1.84726871348159 1.5812600849485616 1.3042869185038342 1.0353519393773727 0.7905034258736239 0.5804546964951368 0.4099628110183256
-0.01021965715913747 -0.01818421978334603 -0.031189118203619477 -0.051490305108167836 -0.08167867479447347 -0.12423008592333248 -0.1806726904890822 -0.2503284995761828 -0.32871237507752504 -0.40586185807404346 -0.4650874040828661 -0.48279664946397716 -0.4300532594169811 -0.2762854499834304 0.0049700268399084785 0.42913326152695896 0.9940205660835011 1.6756347905960067 2.4281149683784813 3.188791804321219 3.8878922265410605 4.460911287472131 4.860583878065765 5.065220232193088 5.081087892863277 4.938275680100744 4.68145575952284 4.358446373354265 4.009936148848646 3.663039706966676 3.3298436237649 3.0103916594200593 2.698281129260735 2.3865862642866844 2.0722102248258545 1.7576988207497244 1.4505865783524217 1.1611070608370488 0.8993929078240632 0.673142405286202 0.48631367700340056 0.33894195321855614
-0.00728197369813937 -0.012860420961086895 -0.021856131058488812 -0.0356716157384589 -0.05576902731699126 -0.08323693156846748 -0.11804402150345607 -0.1579547923826932 -0.19718831076108623 -0.22505858269533427 -0.2250125105935324 -0.17461560893621744 -0.0470410307861531 0.18558443663821975 0.5470611563797755 1.050917932690783 1.6944415824468475 2.4546198920583278 3.2875946310491977 4.132559708766809 4.919905845425789 5.582127485837708 6.065017724556282 6.336385868317793 6.390117122899601 6.244703579205939 5.936967640665086 5.513010828266109 5.019001955926464 4.494114217117293 3.966921667831468 3.455305546092942 2.968876976074753 2.512419239143338 2.088956216386075 1.7015917485337109 1.3539425869504877 1.0495300522099082 0.7907489254756279 0.5779918609373377 0.4092778904780032 0.28045520847764044
-0.004903842889048983 -0.008551196707339594 -0.014302972489245074 -0.022872239353744023 -0.03481028759074384 -0.050088041330021496 -0.0674213126956497 -0.08332962521087703 -0.09100799948053248 -0.07922163646212801 -0.03157928227721417 0.07334930242413719 0.26060248726330676 0.5557799008764297 0.9804395346573569 1.5465102180875916 2.2508179122643406 3.071171704784481 3.965430473591422 4.874471215141838 5.729065282349105 6.459578989663438 7.006505919520276 7.329451373163899 7.412506835632184 7.264904356809721 6.917117026188446 6.413738928732055 5.805153937244123 5.140006917810574 4.459902885454114 3.796862876566692 3.173211255136735 2.603030238522575 2.094195700188157 1.6502312433538675 1.2716063961030044 0.9564708061788946 0.7010367407217505 0.4998684756090774 0.3462565190145534 0.23272650353745403
-0.003078234252739986 -0.005249822730803219 -0.008530082642450792 -0.013117099424261312 -0.018889755883121015 -0.02500835341853838 -0.0293056752803987 -0.02746915750979957 -0.01209073680446049 0.028230667350542485 0.109429221251656 0.2517604897037347 0.4784411467828075 0.8128810480834103 1.2745496540121184 1.87394817830585 2.60761176237977 3.4543842063345997 4.374228940678766 5.310466943612302 6.195594881690973 6.959911506456506 7.5413490864623 7.89445920331162 7.996620241631349 7.85020781990804 7.480490816790713 6.930053649625858 6.251275413206942 5.498623217104663 4.72223801454015 3.963675605623878 3.25396658516309 2.613605858318814 2.0538007090271044 1.5782971022021475 1.185275846660814 0.8690411639338947 0.6214161610362585 0.4328674796436909 0.2934101120597641 0.1933264933620799
-0.0017556302500885057 -0.0028700298496618344 -0.004393276140519772 -0.006175754187629412 -0.007656790971667299 -0.007493166333157099 -0.003016849086814858 0.010470150422340993 0.04049198894660268 0.09812481142790641 0.19839262803519947 0.36000095680798483 0.6040744354399155 0.951678194330613 1.4201517229308516 2.0186428271628136 2.7436159141656793 3.5753954768198595 4.4768561629259285 5.395095644352951 6.2663340990402645 7.023502803526955 7.605236431527858 7.964513722623882 8.075173545159231 7.934998418787722 7.56487194808592 7.004429598129468 6.305359557610682 5.5238748100180075 4.713812541406826 3.9214101203793525 3.1822369729732567 2.5202204606122787 1.9483278153712342 1.4703043712679276 1.0828908762248115 0.7780757652347343 0.5451041051548462 0.3721090432829481 0.24733121103506617 0.15994854064428593
