tests/data/peaks49_corner.asc
NCOLS 49
NROWS 49
XLLCORNER 0.0
YLLCORNER 0.0
CELLSIZE 30.0
NODATA_VALUE -9999
[rows 0 to 18 of 49, columns 0 to 41 of 49]
6.671280296717442e-05 0.00012649614433448057 0.00023075120304199163 0.0004044623213715588 0.0006801032199439707 0.0010946590822836074 0.0016813428282380135 0.00245340880514368 0.00337797214955247 0.004339548820120605 0.005096455676160603 0.005238069736366325 0.004156270134668858 0.001048327892533191 -0.00503135305937366 -0.015059116933399983 -0.029870801373274712 -0.049950725200570055 -0.07521944362893038 -0.10487247701422592 -0.13732380075381329 -0.17029328439050104 -0.20104735476693705 -0.22676361465461567 -0.24495404057434964 -0.2538596116094181 -0.25273009360329274 -0.24192746995181524 -0.222833446930309 -0.1975880569491695 -0.16872380398959722 -0.13877778176281963 -0.10995938332787397 -0.08392766259056698 -0.0616993341282328 -0.04367642124680922 -0.029759997706673206 -0.019507132354738874 -0.012291159626562817 -0.0074366240464607105 -0.004314432616985781 -0.002395439739636126
0.000103807734320312 0.00019662097315701298 0.00035808811433580645 0.0006262213964852575 0.0010496895366639515 0.0016823330307515812 0.0025689332208308317 0.0037180840283109373 0.005058901587021315 0.006381320282085525 0.007265362307355729 0.007012711098057346 0.004602557109190522 -0.0013000183143342565 -0.012254855827701486 -0.029858353779043646 -0.05545871830285729 -0.08980749262400607 -0.1327114036539521 -0.18277077401299613 -0.23729291232100427 -0.2924443697236931 -0.34365626286573975 -0.38623311849830355 -0.41605619452515646 -0.43023661072160985 -0.4275755428125333 -0.40873017298632613 -0.376053842605988 -0.3331561603754791 -0.2842907633536347 -0.23370803448538668 -0.18510181743671136 -0.14123980393776997 -0.10381215411241414 -0.07347968627829626 -0.05006545499555244 -0.03281806078478616 -0.020680130372510253 -0.012514176054788946 -0.007261737154357347 -0.004032898476892154
0.00015610723991901424 0.00029558395708531907 0.0005378531132098375 0.0009391747557642867 0.001570637905962632 0.0025087839629020637 0.0038123615076876903 0.005478769002419663 0.007375200402796762 0.009144321003055813 0.010093238800153767 0.009087076560005672 0.00448203258177478 -0.005857363657907022 -0.024412296821201496 -0.053706398041838826 -0.09585028841137662 -0.1519865365506702 -0.22173738493004694 -0.3027926769543492 -0.39077853330428863 -0.4795079403427456 -0.5616349899056107 -0.6296327688672584 -0.6769200313818255 -0.6989051233590239 -0.6937189776023547 -0.6624755156499398 -0.6090095672769026 -0.539166246910505 -0.45981491960014076 -0.3778082453809148 -0.2990934205754724 -0.22811946143974265 -0.1675958152241267 -0.11857205110044011 -0.08074808173232467 -0.0528995002106652 -0.03331084355915725 -0.020139834892511227 -0.011673835258010053 -0.0064738908597623095
0.00022663103973066012 0.00042943555360608555 0.0007815848449899482 0.0013642697403473886 0.0022791090346327945 0.0036332206895707555 0.005503170721577908 0.007868083528832998 0.010504443503158576 0.012842462303186817 0.013797506930665086 0.011609190177134689 0.003741425357702284 -0.013088287732871207 -0.04268240788037776 -0.08889610322379479 -0.1549372299640318 -0.2425143160275103 -0.3509896661679064 -0.47674864734305217 -0.6130011686146496 -0.7501710186191589 -0.8769066855515388 -0.9815906689275602 -1.0540779742031903 -1.087306783565263 -1.0784290293606575 -1.0292108859164402 -0.9456256247153494 -0.8367526828456162 -0.713250441747855 -0.585743870829568 -0.4634478748979977 -0.3532494473724247 -0.2593345882769448 -0.18331327732642966 -0.12470211043865125 -0.08158546331163713 -0.05128870566638782 -0.030943910786338905 -0.017887829479242747 -0.00988501134432361
0.00031701660671442007 0.0006020401456452745 0.0010976219795438753 0.001918250951007342 0.0032066737408359826 0.005111780010036089 0.00773564508141735 0.011035492425003405 0.014669557393007645 0.017786516644585658 0.018778070679824427 0.015042339518399069 0.002836307235349556 -0.022682112232818102 -0.06712182961637718 -0.13617091252129163 -0.2345640624462039 -0.3648232038287461 -0.526002473599126 -0.7127497468732623 -0.9150056023767473 -1.1185726335293733 -1.3066079773563772 -1.461859549770569 -1.5692481685205604 -1.6182655696953359 -1.6046632146440523 -1.53105721265216 -1.4063305509156623 -1.2439992341330783 -1.05993916125966 -0.869982067318187 -0.6878600673269282 -0.5238333947118042 -0.3841313436430024 -0.2711378448681065 -0.1841124215789222 -0.12017869932188921 -0.07533116783904378 -0.04528096869099984 -0.02605035636323646 -0.014305167176071472
0.00042586984895471127 0.0008122327635806146 0.0014864477364764615 0.002606481247129035 0.004370033706829525 0.006984224246939918 0.010592200301402874 0.01513639391016092 0.02014239244990662 0.024422144562414656 0.025723135129962767 0.020389897793055667 0.0031480033012211287 -0.032846643976338644 -0.09554886835739355 -0.19305978318016812 -0.3321674721404765 -0.5165560062142373 -0.7450087364343378 -1.010050012536574 -1.2974860394628684 -1.5871839646869677 -1.855173668082206 -2.0768245574424418 -2.2305345635548037 -2.301174340597271 -2.282531038487341 -2.1782070940205016 -2.0007944017511434 -1.7695546879248667 -1.5071707110839365 -1.2362973533369725 -0.9766040903472673 -0.7427941859071191 -0.543792077094219 -0.38300358279636865 -0.259349293479037 -0.16868551782048755 -0.10525283632151336 -0.0628930131254087 -0.035903374806154284 -0.019513115946578778
0.0005463513877625497 0.0010495779212258427 0.0019335713790827652 0.003411588002703817 0.005753948717338352 0.009250052358335094 0.01411303142944255 0.020298981210696246 0.027217728590434982 0.0333313411809878 0.03567393598715855 0.029380461745606462 0.007372852662462081 -0.039601075793072024 -0.12237507608790615 -0.2520797487290625 -0.4381698967892797 -0.6859766455775136 -0.9942230612249094 -1.3531107813188163 -1.7436168439013542 -2.1384815117559697 -2.505023259326846 -2.8094599289841495 -3.0219749030761975 -3.1214887237111117 -3.0990863818036734 -2.9593322378170894 -2.7192043115480686 -2.4049489816253318 -2.047625697697829 -1.678347876724751 -1.3241821207394608 -1.0053870864476186 -0.7342669046541342 -0.5155141363629104 -0.34763027609470215 -0.2248891088595964 -0.13934174691381718 -0.08250138257275552 -0.04652455357460897 -0.02486688781702004
0.0006629198283590477 0.0012885159476754453 0.0023994192641697658 0.004276733438021463 0.007284797090099984 0.011828794571973273 0.018239879395912983 0.02655006320685359 0.03612421119265841 0.045139946673650386 0.04995385453935172 0.044463180129871493 0.019653860216538522 -0.03640800455002225 -0.13786995863796364 -0.29947540262183586 -0.5340193536494959 -0.8491363643299029 -1.243983010016018 -1.706612899007692 -2.212901292063773 -2.7276838706252184 -3.208328779556265 -3.610355521410302 -3.8941189287416575 -4.031186417308176 -4.009000079341484 -3.832771341818458 -3.5242126510115614 -3.117472338314661 -2.6532762020366754 -2.1726118071435376 -1.7112478775851596 -1.296015306839732 -0.9432351248800942 -0.6591402257867318 -0.4417471855643859 -0.2834640032468404 -0.17376044914113734 -0.10141284472306364 -0.05607530699404726 -0.029147027083575167
0.0007473433789548334 0.0014810029800162495 0.0028062182922293888 0.0050830615018513615 0.008793201802132071 0.014500398329925172 0.022724647426024258 0.03368070706797305 0.046835385992884435 0.06026434451089112 0.06984652820853385 0.06842319590355975 0.04515486392658562 -0.014598710050844045 -0.12852014548893728 -0.3154225248946668 -0.5921284298235924 -0.9694284731602082 -1.4478030677039155 -2.0139127562319183 -2.638968275187062 -3.2798766574356204 -3.8835115835965803 -4.393684444937294 -4.759612103213638 -4.944142788312832 -4.929914008915693 -4.722040015748247 -4.346753679469445 -3.8464113173684544 -3.2721103753489045 -2.675627045734626 -2.1023512845906334 -1.586441575816676 -1.1487276644442344 -0.7971882212634269 -0.5293149888636902 -0.3354438443773094 -0.2021789554990845 -0.11527319651659904 -0.061639793654092154 -0.03045420958627635
0.0007544400034399088 0.0015483898556531114 0.003022985447789991 0.0056228046594848915 0.00996733273060512 0.016826648604474706 0.027001267579871088 0.041043772852962304 0.05875967610733555 0.0784513831486027 0.0959340516336571 0.10345873403593353 0.08881246005342099 0.03498967208971576 -0.07911326167996355 -0.2766028484173664 -0.5789637107110926 -1.0011898684961567 -1.5464555478279742 -2.2015388633364448 -2.9343921637445662 -3.695040096645838 -4.420346913286675 -5.042248260431168 -5.498049622558347 -5.740675877278413 -5.746581155311873 -5.519497396767524 -5.089198356179464 -4.505683404948768 -3.8302654035308246 -3.1256630698506207 -2.4472051329993953 -1.8367140423713346 -1.319778594078412 -0.9062402038929294 -0.593056067649987 -0.36839610195415246 -0.21587613903294392 -0.11812215203505236 -0.05925201416844701 -0.02622086257406266
0.0006185098089483776 0.001374253745973155 0.0028515480960546557 0.005572824699728235 0.010304307128498901 0.018064541869103952 0.030035864655103457 0.04730241705896864 0.07033074987404676 0.09813092787992748 0.12710393306910275 0.14970305397073524 0.15320114172228977 0.11902177503984798 0.023191735135345014 -0.16157702242614624 -0.4619285948135916 -0.8982572981558127 -1.4782925814535628 -2.1912754393877973 -3.0044196877798517 -3.8631803967695726 -4.6961484392418305 -5.424273529571872 -5.972889287998647 -6.28406867371583 -6.326524219231383 -6.100742122928689 -5.638192579595709 -4.99494197463549 -4.241343840077203 -3.4503007307829234 -2.6866653709618853 -1.9997414260082256 -1.4198188262433182 -0.9585945351555657 -0.6125016899045894 -0.36757191565537956 -0.2044929124230493 -0.10287149643862917 -0.04418999022010972 -0.013386550543706802
0.00025198331702108506 0.0008010195934797786 0.002018711841076875 0.004477523081404823 0.009074792537676101 0.017096320740578538 0.030194319311834 0.05018942880982478 0.07858692975476163 0.11570802391689515 0.15940074790547384 0.2034271195705177 0.23581761894134068 0.23770070823261122 0.18327529441584628 0.041595663341045065 -0.219408429630928 -0.6267768840109909 -1.1950508571435812 -1.9190347859249788 -2.7687847264272683 -3.6887447252538283 -4.602230951684742 -5.4211944390286275 -6.059710800727903 -6.448422899301295 -6.546644524320429 -6.349254241320668 -5.886783542629825 -5.218843398897477 -4.4226869292444535 -3.5797665107633834 -2.763332718011776 -2.029473150095714 -1.4128025041551369 -0.926720063116838 -0.5671362635075506 -0.3180613543505097 -0.157466930231087 -0.06223264518413573 -0.011558226378224188 0.011246755014566423
-0.0004517936594085691 -0.00036593610006324553 0.0001814752579209105 0.001753648933307117 0.005322921411239292 0.01241409244234714 0.02519046111392051 0.04637989616304806 0.078901204275975 0.12504235049029 0.18509185108089446 0.25545890872790755 0.32654098981641005 0.3808735634529115 0.3923395305161106 0.3273005506025028 0.14831441759316 -0.17944139934210496 -0.6797510297250036 -1.3565671062874725 -2.1871305458059807 -3.119382104258598 -4.07536480044738 -4.960925642523863 -5.680276001896266 -6.152416132205296 -6.325629475460689 -6.1865448345316185 -5.761613337407947 -5.1108365225676335 -4.315568290096558 -3.4635716726678885 -2.63486622927969 -1.8912473332323527 -1.2710224237383854 -0.7889933485992511 -0.4404918548935703 -0.2076348045884049 -0.06595009384901562 0.010024875243183717 0.042909019344627305 0.05051606761192094
-0.0016097940590441649 -0.0023430363165812375 -0.0030476315057614196 -0.00326969419850173 -0.002074168450779061 0.002202252541426828 0.012189597423059409 0.03160274015323076 0.06506691448761376 0.11744057617329609 0.1924496048011458 0.29057280331439406 0.406366474533268 0.5257593562803515 0.6241978036791136 0.6667252211945347 0.6109715579707491 0.41349551054903794 0.038988259564710415 -0.5292761886542221 -1.280299617928582 -2.1704181985627975 -3.124885970158397 -4.046834827746517 -4.8324373800593055 -5.389156433781333 -5.652796925648845 -5.5991546122775775 -5.247422552743187 -4.654744366980668 -3.903654513827233 -3.0858591644213047 -2.2863909404241607 -1.5715517016165579 -0.9825851220647468 -0.5352731794356408 -0.22419717366375486 -0.029607543603923862 0.07521757542346037 0.11774895006627249 0.12198254254725367 0.10634737951348647
-0.003333558848442212 -0.005339957748897228 -0.008050621314939159 -0.01126688495476858 -0.014269766630439341 -0.015449569315073028 -0.011873079048560487 0.0010960192368315788 0.029918040009919142 0.08245708299826521 0.16672253924187402 0.2885804368126381 0.4485091276534762 0.6378910419614473 0.8358091368966997 1.0076775990081657 1.1070618703072332 1.081556470174091 0.8825638271947521 0.47745531110444206 -0.13867873341098053 -0.9351423985613443 -1.8446858019741241 -2.771055727402856 -3.6042966014889273 -4.2406638629105915 -4.60238794154969 -4.652304930439806 -4.399698872600886 -3.8961584865293983 -3.223002924469748 -2.473960449754664 -1.737648900897703 -1.0838623769297948 -0.5560692246945069 -0.1705311435199743 0.07926004260082044 0.2151101221450364 0.2660253085506724 0.26136119996384993 0.22622381779749415 0.17928067131853576
-0.005707161360269547 -0.009518855425479518 -0.015130978578496395 -0.022789015572572652 -0.03223475240579508 -0.04220077536107112 -0.04974923591146852 -0.049567464421635114 -0.033457332335578 0.009618968292574026 0.09250742142518016 0.2274869751225677 0.4224696172569922 0.6761892740168004 0.9734177160176035 1.281798054353073 1.5520878214221965 1.7231994936837345 1.7323232525102457 1.528796551902425 1.0887231922752914 0.4262877689738498 -0.40216874314618306 -1.3037309649311435 -2.1639650533447616 -2.8683745557681837 -3.325020874544474 -3.482471990767148 -3.338487083232869 -2.9375312227386976 -2.3584062988630112 -1.69589020916853 -1.0414826613301975 -0.46791798226195724 -0.020379977954002045 0.28491237213349413 0.45608563889616516 0.5174852877080398 0.5007739082580488 0.4374019948697348 0.3536159035108944 0.26818929641746886
-0.008761892491788721 -0.014946870463069292 -0.02442721604390844 -0.03811125976746093 -0.056496166638400055 -0.07902541633957798 -0.10317712022772298 -0.12338455823394444 -0.13005295300439818 -0.10911924274627177 -0.04273205045113643 0.08839537492457301 0.30068489243888763 0.6017437424046633 0.9838498444380788 1.4187286707068576 1.8558917154077983 2.2265172667786213 2.453687954361672 2.467907741632023 2.2247295189616376 1.7198104082963142 0.9965175649830584 0.1426935588443649 -0.7239061727932943 -1.478553373864381 -2.0151487101264456 -2.267728371095257 -2.222245918027207 -1.9159227580454277 -1.4251339498655 -0.8459334781074564 -0.2729165488062538 0.21819488766156206 0.5807177253933118 0.79896595632328 0.883377506133349 0.8616116129441047 0.768712786544837 0.6388016990798772 0.4996362852959226 0.37025954498010527
-0.012452912728350099 -0.02155180963116142 -0.03583115284357107 -0.05708650672678669 -0.08688256993015409 -0.1257818019051529 -0.1721747178704298 -0.22079346574869807 -0.26119335420445583 -0.2767325229585646 -0.24478360752006834 -0.13894500401288545 0.06625100392368798 0.38828278440666114 0.8283419545361123 1.3639098083881784 1.9449752419454267 2.4965131330522516 2.9286274525687026 3.153595392004018 3.1065021289891646 2.7641456157953046 2.15634433337288 1.3652171083636149 0.5112146355341385 -0.2713007377026069 -0.8627168548293229 -1.1833465578641051 -1.2083825120074372 -0.9690727399330329 -0.5407484998463732 -0.022047264189429785 0.4883157120611749 0.911051537176482 1.19791456923287 1.3341690772101622 1.3333384621234836 1.2273553337787928 1.0556187852346015 0.8557693605019087 0.6577233668636846 0.481214255270083
-0.01664436868867095 -0.02909338000150187 -0.048933848819528336 -0.07904654190995064 -0.12234839866119845 -0.1809088875274345 -0.25452931841816373 -0.3388390284098225 -0.4232059384672598 -0.4890700339545673 -0.5095910843870609 -0.451602251040787 -0.28060794296412617 0.031150595097165473 0.4946628180808189 1.0945060038174563 1.782852678227943 2.4803981580026058 3.086229479588942 3.4962190556857866 3.626519730364973 3.4362174583893266 2.942282397544218 2.2213333960297863 1.3962473744003387 0.6102506710555103 -0.004794042619163552 -0.3571845049890884 -0.41340284087908064 -0.20094798486170443 0.20371185790660076 0.6974493628858037 1.1759948044778632 1.5556522348099628 1.7863914600640365 1.8547503125192675 1.7780619055385478 1.593479990732314 1.3457585564502628 1.0769762613750076 0.8199606171088069 0.5956908083308873
